16,18
16,17
16,16
16,15
16,14
16,13
16,12
16,11
16,10
16,9
16,8
16,7
16,6
16,5
16,4
16,3
16,2
16,1
16,0
15,3
15,2
15,1
15,0
14,10
14,9
14,8
14,7
14,6
14,5
14,4
14,3
14,2
14,1
14,0
13,27
13,26
13,25
13,24
13,23
13,22
13,21
13,20
13,19
13,18
13,17
13,16
13,15
13,14
13,13
13,12
13,11
13,10
13,9
13,8
13,7
13,6
13,5
13,4
13,3
13,2
13,1
13,0
12,3
12,2
12,1
12,0
11,5
11,4
11,3
11,2
11,1
11,0
10,5
10,4
10,3
10,2
10,1
10,0
9,5
9,4
9,3
9,2
9,1
9,0
8,5
8,4
8,3
8,2
8,1
8,0
7,5
7,4
7,3
7,2
7,1
7,0
6,4
6,3
6,2
6,1
6,0
5,3
5,2
5,1
5,0
4,3
4,2
4,1
4,0
3,6
3,5
3,4
3,3
3,2
3,1
3,0
2,5
2,4
2,3
2,2
2,1
2,0
1,3
1,2
1,1
1,0
0,470
0,469
0,468
0,467
0,466
0,465
0,464
0,463
0,456
0,455
0,454
0,453
0,452
0,451
0,450
0,449
0,389
0,388
0,387
0,386
0,385
0,384
0,372
0,358
0,353
0,322
0,243
0,9
0,310
0,305
0,308
0,304
0,303
0,302
0,307
0,12
0,10
0,8
0,0
0,300
0,299
0,298
0,297
0,296
0,295
0,294
0,293
16,19
16,20
16,22
16,23
16,25
16,26
16,28
16,30
16,31
16,33
16,34
16,36
16,38
16,39
16,41
16,42
16,44
16,45
16,47
16,49
16,50
16,52
16,53
16,55
16,57
16,58
16,60
16,61
16,63
16,64
16,66
16,68
16,69
16,71
16,72
16,74
16,76
16,77
16,79
16,80
16,82
16,83
16,85
16,87
16,88
16,90
16,91
16,93
16,95
16,96
16,128
16,129
17,0
17,2
17,3
18,0
18,1
18,3
19,0
19,2
20,0
20,1
20,3
20,4
21,1
21,3
22,0
22,2
22,3
23,0
23,1
23,3
24,1
24,2
24,4
24,5
25,0
25,2
25,3
26,1
26,2
26,4
26,5
27,1
27,3
27,4
27,5
27,2
27,0
26,3
26,0
25,1
24,6
24,3
24,0
23,2
22,4
22,1
21,2
21,0
20,2
19,3
19,1
18,2
17,4
17,1
16,130
16,97
16,94
16,92
16,89
16,86
16,84
16,81
16,78
16,75
16,73
16,70
16,67
16,65
16,62
16,59
16,56
16,54
16,51
16,48
16,46
16,43
16,40
16,37
16,35
16,32
16,29
16,27
16,24
16,21
0,292
0,291
0,290
0,289
0,288
0,287
0,286
0,285
0,284
0,283
0,282
0,281
0,280
0,279
0,278
0,277
0,276
0,275
0,274
0,273
0,272
0,271
0,270
0,269
0,268
0,267
0,266
0,265
0,264
0,263
0,262
0,261
0,260
0,472
0,259
0,471
0,258
0,373
0,257
0,462
0,256
0,255
0,371
0,254
0,370
0,253
0,369
0,252
0,461
0,251
0,250
0,368
0,249
0,367
0,248
0,366
0,247
0,365
0,246
0,245
0,460
0,244
0,459
0,242
0,364
0,241
0,363
0,240
0,362
0,239
0,361
0,238
0,360
0,237
0,359
0,236
0,235
0,458
0,234
0,457
0,233
0,232
0,357
0,231
0,356
0,230
0,355
0,229
0,354
0,228
0,227
0,448
0,226
0,383
0,225
0,382
0,224
0,352
0,223
0,351
0,222
0,350
0,221
0,349
0,220
0,348
0,219
0,347
0,218
0,381
0,217
0,380
0,216
0,379
0,215
0,346
0,214
0,345
0,213
0,344
0,212
0,343
0,211
0,378
0,210
0,377
0,209
0,376
0,208
0,342
0,207
0,341
0,206
0,340
0,205
0,339
0,204
0,338
0,203
0,337
0,202
0,375
0,201
0,374
0,200
0,336
0,199
0,335
0,198
0,334
0,197
0,333
0,196
0,332
0,195
0,331
0,194
0,330
0,193
0,329
0,192
0,328
0,63
0,327
0,62
0,326
0,61
0,325
0,60
0,324
0,59
0,323
0,58
0,321
0,57
0,320
0,56
0,319
0,55
0,318
0,54
0,317
0,53
0,316
0,52
0,315
0,51
0,314
0,50
0,313
0,49
0,312
0,48
0,311
0,47
0,309
0,46
0,306
0,45
0,301
0,6
0,5
0,1
0,11
0,4
0,2
0,3
0,7
